world: mines
x: 1387.324329563368
y: 143.0
z: 1349.5235241660673
yaw: 90.69981
pitch: 21.900091
name: e4
lastowner: b6a206eb-76d8-4e03-a90a-ca2e5f844b73
