jails: 
  1: 
    world: world
    x: 5.026377058168176
    y: 100.5
    z: -73.45900330721769
    yaw: 348.44998
    pitch: 2.400005
