lastAccountName: crevinpro
timestamps:
  login: 1594060231333
  lastteleport: 1594061418448
  logout: 1594061461822
ipAddress: 181.51.193.206
lastlocation:
  world: world
  x: -1692.0150977265089
  y: 152.0
  z: -2445.300000011921
  yaw: 40.850002
  pitch: 1.4999988
logoutlocation:
  world: mines
  x: 2486.8134867661743
  y: 99.0
  z: -17.037572466581025
  yaw: 343.29993
  pitch: 33.600002
