lastAccountName: Josesito1234
timestamps:
  login: 1593997733851
  lastteleport: 1593998103439
  logout: 1593998112232
ipAddress: 187.137.25.230
lastlocation:
  world: mines
  x: 2492.21407201913
  y: 100.0
  z: 494.4586414898946
  yaw: 20.303436
  pitch: 18.839657
money: '195.0'
logoutlocation:
  world: mines
  x: 2488.775289223612
  y: 100.0
  z: 475.7939481688933
  yaw: 296.64996
  pitch: 28.236094
