lastAccountName: MIchaelHDF_
timestamps:
  login: 1594062160779
  lastteleport: 1594062461938
ipAddress: 192.141.9.130
lastlocation:
  world: world
  x: -1634.4312814811015
  y: 159.0
  z: -2470.8979137185547
  yaw: -347.34998
  pitch: -2.549903
