lastAccountName: yochiwarez
timestamps:
  login: 1593916444453
  logout: 1593916577877
ipAddress: 179.7.226.145
logoutlocation:
  world: world
  x: -1633.3399176293995
  y: 159.0
  z: -2470.0099862921743
  yaw: 51.0
  pitch: -9.0
