lastAccountName: ch4rlych4rly
timestamps:
  login: 1593986662672
  logout: 1593987294017
  lastteleport: 1593987242409
ipAddress: 81.43.62.0
logoutlocation:
  world: mines
  x: 2496.293807386167
  y: 95.0
  z: 482.1869813706705
  yaw: 351.11914
  pitch: 31.024126
lastlocation:
  world: cells
  x: 30.47876193127216
  y: 3.0
  z: -28.12051165376229
  yaw: 162.7113
  pitch: 23.93165
