lastAccountName: NEROCRACFT_PRO
timestamps:
  login: 1594058158126
  logout: 1594062311630
  lastteleport: 1594059814286
ipAddress: 167.56.15.147
logoutlocation:
  world: world
  x: -1694.7849843830543
  y: 144.5
  z: -2491.044315395375
  yaw: 170.58612
  pitch: 10.076904
lastlocation:
  world: world
  x: -1666.2929081642087
  y: 155.5
  z: -2453.197366940089
  yaw: -283.12927
  pitch: 11.196293
money: '8715.0'
