lastAccountName: samuh99999
timestamps:
  login: 1593986640544
  lastteleport: 1593986907759
  logout: 1593987257597
ipAddress: 186.0.18.231
lastlocation:
  world: mines
  x: 2503.359539652567
  y: -914.9195230072196
  z: -17.64813221559227
  yaw: 92.3085
  pitch: -90.0
money: '8060.0'
logoutlocation:
  world: mines
  x: 2495.300000011921
  y: 101.30017561961925
  z: 482.70107256077296
  yaw: -75.46532
  pitch: 37.52291
