lastAccountName: yochitest
timestamps:
  login: 1594058374935
  logout: 1594061026199
  lastteleport: 1594054804413
ipAddress: 179.7.226.145
logoutlocation:
  world: world
  x: -1639.4935104570584
  y: 171.517428622351
  z: -2480.0995263704554
  yaw: -345.6798
  pitch: 15.299958
lastlocation:
  world: world
  x: -1699.222905127162
  y: 155.2434132160818
  z: -2454.563728920866
  yaw: -65.85547
  pitch: 1.5001826
nickname: §2yochitest§r§r
