lastAccountName: Digumet88_Didac
timestamps:
  login: 1594058586223
  logout: 1594058923700
ipAddress: 87.125.65.220
logoutlocation:
  world: world
  x: -1633.0442149905928
  y: 159.0
  z: -2468.4382522267815
  yaw: 314.28772
  pitch: 2.216139
