lastAccountName: _ManuFPvP
timestamps:
  login: 1593986617442
  lastteleport: 1593987235690
  logout: 1593987254929
ipAddress: 92.58.61.54
lastlocation:
  world: world
  x: -1635.503530522354
  y: 159.0
  z: -2470.8323512174825
  yaw: -51.849995
  pitch: 11.700003
money: '13765.0'
logoutlocation:
  world: mines
  x: 2504.4727139226484
  y: 99.0
  z: 480.30000001192093
  yaw: 197.79991
  pitch: 33.299984
