lastAccountName: THEBOSSES
timestamps:
  login: 1593998916752
  lastteleport: 1593999911604
  logout: 1594000022323
ipAddress: 190.247.70.100
lastlocation:
  world: mines
  x: 448.36022491519736
  y: -712.2263576956998
  z: 1092.5593143737049
  yaw: 8.100158
  pitch: -37.199802
money: '185655.0'
logoutlocation:
  world: mines
  x: 2484.3460474881895
  y: 74.0
  z: 1482.3625700158382
  yaw: 184.92694
  pitch: 32.999725
