lastAccountName: zarzoso11
timestamps:
  login: 1593986700341
  lastteleport: 1593987295737
  logout: 1593987448720
ipAddress: 167.60.253.67
lastlocation:
  world: mines
  x: 2484.061596539593
  y: 100.0
  z: -17.223754727587924
  yaw: 18.641083
  pitch: 25.229412
money: '12045.0'
logoutlocation:
  world: world
  x: -1636.0649444952583
  y: 159.0
  z: -2477.140881578871
  yaw: -313.84198
  pitch: 17.687643
